=== XLM-RoBERTa Model Evaluation ===
Accuracy: 0.9640

Classification Report:
                            precision    recall  f1-score   support

                  Achinese     0.9899    0.9840    0.9870       500
                 Afrikaans     0.9920    0.9900    0.9910       500
                  Albanian     0.9959    0.9760    0.9859       500
          Alemannic German     0.9086    0.9340    0.9211       500
                   Amharic     0.9980    0.9900    0.9940       500
                    Arabic     0.9385    0.9760    0.9569       500
                 Aragonese     0.9763    0.9900    0.9831       500
                  Armenian     0.9959    0.9820    0.9889       500
                 Aromanian     0.9662    0.9140    0.9394       500
                   Arpitan     0.9580    0.9580    0.9580       500
                  Assamese     0.9878    0.9700    0.9788       500
                  Asturian     0.9577    0.9500    0.9538       500
                      Avar     0.8333    0.8800    0.8560       500
                    Aymara     0.9517    0.9460    0.9488       500
               Azerbaijani     1.0000    0.9820    0.9909       500
                    Banjar     0.9679    0.9640    0.9659       500
                Banyumasan     0.9355    0.8700    0.9016       500
                   Bashkir     0.9742    0.9820    0.9781       500
                    Basque     0.9960    0.9980    0.9970       500
                  Bavarian     0.7785    0.9280    0.8467       500
                Belarusian     0.8844    0.9640    0.9225       500
Belarusian (Taraschkewiza)     0.9785    0.9120    0.9441       500
                   Bengali     0.9460    0.9460    0.9460       500
                  Bhojpuri     0.9698    0.9620    0.9659       500
               Bishnupriya     0.9980    0.9920    0.9950       500
                    Bokmål     0.9819    0.9760    0.9789       500
                   Bosnian     0.6462    0.5480    0.5931       500
                    Breton     0.9980    0.9940    0.9960       500
                 Bulgarian     0.9878    0.9680    0.9778       500
                   Burmese     1.0000    0.9980    0.9990       500
                    Buryat     0.9294    0.9480    0.9386       500
                 Cantonese     0.9407    0.9520    0.9463       500
                   Catalan     0.9796    0.9580    0.9687       500
                   Cebuano     0.9920    0.9940    0.9930       500
             Central Bikol     0.9797    0.9660    0.9728       500
             Central Khmer     0.9525    0.9620    0.9572       500
           Central Kurdish     1.0000    0.9980    0.9990       500
                 Chavacano     0.8697    0.8540    0.8618       500
                   Chechen     0.9980    0.9920    0.9950       500
                  Cherokee     0.9838    0.9720    0.9779       500
                   Chuvash     0.9665    0.9820    0.9742       500
         Classical Nahuatl     0.9681    0.9700    0.9690       500
                   Cornish     0.9980    0.9960    0.9970       500
                  Corsican     0.9626    0.9780    0.9702       500
             Crimean Tatar     0.9780    0.9780    0.9780       500
                  Croatian     0.7154    0.5680    0.6332       500
                     Czech     0.9899    0.9780    0.9839       500
                    Danish     0.9819    0.9760    0.9789       500
                   Dhivehi     0.9880    0.9840    0.9860       500
                     Dimli     0.9742    0.9800    0.9771       500
                    Doteli     0.9416    0.8380    0.8868       500
                     Dutch     0.9629    0.9860    0.9743       500
              Eastern Mari     0.9622    0.9660    0.9641       500
           Egyptian Arabic     0.9694    0.9500    0.9596       500
                   Emilian     0.9583    0.9660    0.9622       500
                   English     0.7384    0.9260    0.8217       500
                     Erzya     0.9324    0.9100    0.9211       500
                 Esperanto     0.9859    0.9780    0.9819       500
                  Estonian     0.9498    0.9840    0.9666       500
              Extremaduran     0.9773    0.9460    0.9614       500
                   Faroese     0.9960    0.9960    0.9960       500
                Fiji Hindi     0.9566    0.9260    0.9411       500
                   Finnish     0.9900    0.9900    0.9900       500
                    French     0.8778    0.9340    0.9050       500
                  Friulian     0.9815    0.9540    0.9675       500
                    Gagauz     0.9623    0.9700    0.9661       500
                  Galician     0.9837    0.9640    0.9737       500
                  Georgian     0.9960    0.9860    0.9910       500
                    German     0.8931    0.9360    0.9141       500
                    Gilaki     0.9787    0.9200    0.9485       500
                   Guarani     0.9919    0.9800    0.9859       500
                  Gujarati     0.9840    0.9860    0.9850       500
            Haitian Creole     1.0000    0.9820    0.9909       500
             Hakka Chinese     0.9937    0.9440    0.9682       500
                     Hausa     1.0000    0.9880    0.9940       500
                    Hebrew     0.9960    0.9960    0.9960       500
                     Hindi     0.9606    0.9760    0.9683       500
                 Hungarian     0.9920    0.9980    0.9950       500
                 Icelandic     0.9960    0.9940    0.9950       500
                       Ido     0.9960    0.9860    0.9910       500
                      Igbo     0.9657    0.9560    0.9608       500
                     Iloko     0.9645    0.9780    0.9712       500
                Indonesian     0.8315    0.9080    0.8681       500
               Interlingua     0.9800    0.9780    0.9790       500
               Interlingue     0.9857    0.9680    0.9768       500
                     Irish     0.9860    0.9840    0.9850       500
                   Italian     0.9229    0.9820    0.9516       500
           Jamaican Patois     0.9919    0.9820    0.9869       500
                  Japanese     0.9980    0.9940    0.9960       500
                  Javanese     0.9504    0.9580    0.9542       500
                 Kabardian     0.9980    0.9980    0.9980       500
                    Kabyle     0.9798    0.9680    0.9738       500
                   Kannada     0.9959    0.9760    0.9859       500
           Karachay-Balkar     0.9857    0.9660    0.9758       500
                Karakalpak     1.0000    0.9740    0.9868       500
                 Kashubian     0.9724    0.9880    0.9802       500
                    Kazakh     0.9980    0.9980    0.9980       500
               Kinyarwanda     0.9641    0.9660    0.9650       500
                   Kirghiz     0.9920    0.9880    0.9900       500
                      Komi     0.9350    0.9200    0.9274       500
              Komi-Permyak     0.9103    0.9340    0.9220       500
                   Konkani     0.9530    0.9740    0.9634       500
                    Korean     0.9980    0.9900    0.9940       500
                   Kurdish     0.9959    0.9720    0.9838       500
                    Ladino     0.9898    0.9720    0.9808       500
                       Lao     0.8906    0.9440    0.9165       500
                 Latgalian     0.9959    0.9780    0.9869       500
                     Latin     0.9183    0.9660    0.9415       500
                   Latvian     0.9800    0.9780    0.9790       500
                  Lezghian     0.9677    0.9600    0.9639       500
                  Ligurian     0.9609    0.9820    0.9713       500
                 Limburgan     0.9819    0.9780    0.9800       500
                   Lingala     0.9280    0.9540    0.9408       500
          Literary Chinese     0.9633    0.9980    0.9804       500
                Lithuanian     0.9980    0.9860    0.9920       500
            Livvi-Karelian     0.9761    0.9820    0.9791       500
                    Lojban     0.9960    0.9980    0.9970       500
                   Lombard     0.9634    0.9480    0.9556       500
                Low German     0.9779    0.9720    0.9749       500
             Lower Sorbian     0.9625    0.9740    0.9682       500
                   Luganda     0.9859    0.9760    0.9809       500
             Luxembourgish     0.9916    0.9420    0.9662       500
                Macedonian     0.9980    0.9820    0.9899       500
                  Maithili     0.9812    0.9420    0.9612       500
                  Malagasy     1.0000    1.0000    1.0000       500
                     Malay     0.9578    0.9080    0.9322       500
                 Malayalam     1.0000    0.9920    0.9960       500
                   Maltese     0.9539    0.9940    0.9736       500
                      Manx     0.9980    0.9860    0.9920       500
                     Maori     0.9940    0.9980    0.9960       500
                   Marathi     0.9939    0.9760    0.9849       500
               Mazanderani     0.9549    0.9740    0.9644       500
                  Min Dong     1.0000    0.9940    0.9970       500
               Minangkabau     0.9980    0.9980    0.9980       500
                Mingrelian     1.0000    0.9700    0.9848       500
                 Mirandese     0.9939    0.9760    0.9849       500
              Modern Greek     0.9940    0.9900    0.9920       500
                    Moksha     0.9855    0.9540    0.9695       500
                 Mongolian     0.9900    0.9920    0.9910       500
                     Narom     0.9858    0.9740    0.9799       500
                    Navajo     1.0000    1.0000    1.0000       500
                Neapolitan     0.9856    0.9560    0.9706       500
    Nepali (macrolanguage)     0.8509    0.9360    0.8914       500
                    Newari     0.9861    0.9960    0.9910       500
             Northern Luri     0.9725    0.9180    0.9444       500
             Northern Sami     0.9801    0.9860    0.9831       500
            Northern Sotho     0.9569    0.9760    0.9663       500
         Norwegian Nynorsk     0.9860    0.9840    0.9850       500
                   Occitan     0.9402    0.9120    0.9259       500
              Old English      0.9776    0.9600    0.9687       500
                     Oriya     0.9465    0.9900    0.9677       500
                     Oromo     0.9898    0.9700    0.9798       500
                  Ossetian     1.0000    0.9960    0.9980       500
           Palatine German     0.8861    0.9020    0.8940       500
                  Pampanga     0.9462    0.9500    0.9481       500
                Pangasinan     0.9646    0.9260    0.9449       500
                   Panjabi     0.9980    0.9860    0.9920       500
                Papiamento     0.9959    0.9680    0.9817       500
       Pennsylvania German     0.9190    0.8620    0.8896       500
                   Persian     0.9198    0.9860    0.9517       500
                    Picard     0.8655    0.8240    0.8443       500
                    Polish     0.9920    0.9960    0.9940       500
                Portuguese     0.9113    0.9860    0.9472       500
                    Pushto     1.0000    0.9580    0.9785       500
                   Quechua     0.9622    0.9660    0.9641       500
                Ripuarisch     0.9736    0.9580    0.9657       500
                  Romanian     0.9841    0.9920    0.9880       500
                   Romansh     0.9740    0.9740    0.9740       500
                   Russian     0.8447    0.9680    0.9021       500
                     Rusyn     0.9817    0.9680    0.9748       500
                Samogitian     1.0000    0.9980    0.9990       500
                  Sanskrit     0.9861    0.9940    0.9900       500
                 Sardinian     0.9858    0.9700    0.9778       500
            Saterfriesisch     0.9838    0.9720    0.9779       500
                     Scots     0.9939    0.9760    0.9849       500
           Scottish Gaelic     0.9960    0.9860    0.9910       500
                   Serbian     0.9631    0.9400    0.9514       500
            Serbo-Croatian     0.4474    0.6120    0.5169       500
                     Shona     0.9608    0.9800    0.9703       500
                  Sicilian     0.9820    0.9840    0.9830       500
                  Silesian     0.9960    0.9840    0.9899       500
                    Sindhi     0.9980    0.9900    0.9940       500
                   Sinhala     0.9918    0.9640    0.9777       500
                    Slovak     0.9861    0.9940    0.9900       500
                   Slovene     0.9664    0.9780    0.9722       500
                    Somali     0.9877    0.9660    0.9767       500
         South Azerbaijani     0.9842    0.9960    0.9901       500
                   Spanish     0.8051    0.8840    0.8427       500
                    Sranan     1.0000    0.9740    0.9868       500
          Standard Chinese     0.9333    0.9800    0.9561       500
                 Sundanese     0.9959    0.9680    0.9817       500
   Swahili (macrolanguage)     0.9359    0.9640    0.9498       500
                   Swedish     0.9960    1.0000    0.9980       500
                   Tagalog     0.9861    0.9900    0.9880       500
                     Tajik     0.9959    0.9760    0.9859       500
                     Tamil     0.9960    0.9880    0.9920       500
         Tarantino dialect     0.9717    0.9600    0.9658       500
                     Tatar     0.9898    0.9740    0.9819       500
                    Telugu     0.9939    0.9820    0.9879       500
                     Tetum     0.9776    0.9580    0.9677       500
                      Thai     0.9641    0.9680    0.9661       500
                   Tibetan     1.0000    0.9980    0.9990       500
                    Tongan     1.0000    0.9920    0.9960       500
                    Tswana     0.9760    0.9780    0.9770       500
                      Tulu     0.9842    0.9980    0.9911       500
                   Turkish     0.9686    0.9880    0.9782       500
                   Turkmen     0.9765    0.9960    0.9861       500
                     Tuvan     0.9839    0.9780    0.9809       500
                    Udmurt     0.9898    0.9740    0.9819       500
                    Uighur     1.0000    0.9900    0.9950       500
                 Ukrainian     0.9780    0.9780    0.9780       500
             Upper Sorbian     0.9566    0.9700    0.9633       500
                      Urdu     0.9940    0.9860    0.9900       500
                     Uzbek     0.9960    0.9900    0.9930       500
                  Venetian     0.9838    0.9700    0.9768       500
                      Veps     0.9803    0.9940    0.9871       500
                Vietnamese     0.9960    0.9900    0.9930       500
                    Vlaams     0.9386    0.9480    0.9433       500
                   Volapük     0.9980    1.0000    0.9990       500
                      Võro     0.9898    0.9720    0.9808       500
                   Walloon     0.9880    0.9860    0.9870       500
                     Waray     0.9940    0.9980    0.9960       500
                     Welsh     0.9980    0.9940    0.9960       500
           West Low German     0.9568    0.9300    0.9432       500
           Western Frisian     0.9839    0.9800    0.9820       500
              Western Mari     0.9919    0.9800    0.9859       500
           Western Panjabi     0.9899    0.9840    0.9870       500
                     Wolof     0.9821    0.9880    0.9850       500
                Wu Chinese     0.9748    0.9280    0.9508       500
                     Xhosa     0.9795    0.9560    0.9676       500
                     Yakut     0.9859    0.9820    0.9840       500
                   Yiddish     0.9980    0.9800    0.9889       500
                    Yoruba     0.9427    0.9540    0.9483       500
                    Zeeuws     0.9479    0.9460    0.9469       500
                       nan     0.9960    1.0000    0.9980       500

                  accuracy                         0.9640    117500
                 macro avg     0.9653    0.9640    0.9643    117500
              weighted avg     0.9653    0.9640    0.9643    117500
